Performance of Compact Vs Conventional FD using same stencil sizes (3)
x,Pade4,SecondOrder FD,Exact
0,0.999937,0.993377,1
0.1,0.810003,0.813283,0.809984
0.2,0.639751,0.642969,0.639754
0.3,0.488806,0.491891,0.488804
0.4,0.356371,0.359298,0.356371
0.5,0.241495,0.244237,0.241494
0.6,0.143072,0.145614,0.143071
0.7,0.0599005,0.0622325,0.0599004
0.8,-0.00927839,-0.0071604,-0.00927837
0.9,-0.0657494,-0.063845,-0.0657492
1,-0.110794,-0.109099,-0.110794
1.1,-0.145668,-0.144175,-0.145668
1.2,-0.171585,-0.170285,-0.171585
1.3,-0.189699,-0.188579,-0.189698
1.4,-0.201096,-0.200145,-0.201096
1.5,-0.206788,-0.205992,-0.206788
1.6,-0.207706,-0.207052,-0.207706
1.7,-0.204699,-0.204172,-0.204699
1.8,-0.198533,-0.19812,-0.198532
1.9,-0.189891,-0.18958,-0.189891
2,-0.17938,-0.179156,-0.179379
2.1,-0.167528,-0.16738,-0.167527
2.2,-0.154792,-0.15471,-0.154792
2.3,-0.141564,-0.141537,-0.141564
2.4,-0.128172,-0.12819,-0.128171
2.5,-0.114888,-0.114943,-0.114887
2.6,-0.101933,-0.102017,-0.101932
2.7,-0.0894811,-0.0895874,-0.0894809
2.8,-0.0776674,-0.0777901,-0.0776672
2.9,-0.0665897,-0.0667235,-0.0665895
3,-0.0563149,-0.0564555,-0.0563148
3.1,-0.0468835,-0.0470271,-0.0468834
3.2,-0.0383133,-0.0384567,-0.0383132
3.3,-0.0306033,-0.0307439,-0.0306032
3.4,-0.023737,-0.0238729,-0.023737
3.5,-0.0176858,-0.0178153,-0.0176858
3.6,-0.0124115,-0.0125334,-0.0124115
3.7,-0.00786862,-0.00798214,-0.00786861
3.8,-0.00400683,-0.00411142,-0.00400682
3.9,-0.000772557,-0.00086794,-0.000772556
4,0.00188943,0.0018033,0.00188942
4.1,0.00403468,0.0039577,0.00403467
4.2,0.00571805,0.00564995,0.00571804
4.3,0.0069928,0.0069332,0.00699278
4.4,0.00790993,0.00785836,0.00790991
4.5,0.00851767,0.00847362,0.00851765
4.6,0.0088611,0.008824,0.00886108
4.7,0.00898192,0.00895118,0.0089819
4.8,0.0089183,0.00889332,0.00891828
4.9,0.00870481,0.00868501,0.00870479
5,0.0083725,0.00835729,0.00837248
5.1,0.00794891,0.00793773,0.00794889
5.2,0.00745825,0.00745058,0.00745824
5.3,0.00692157,0.00691691,0.00692155
5.4,0.00635691,0.0063548,0.0063569
5.5,0.00577957,0.00577958,0.00577955
5.6,0.00520229,0.00520404,0.00520227
5.7,0.00463551,0.00463865,0.00463549
5.8,0.00408758,0.0040918,0.00408757
5.9,0.003565,0.00357003,0.00356499
6,0.00307263,0.00307824,0.00307263
6.1,0.00261391,0.00261989,0.00261391
6.2,0.00219104,0.00219721,0.00219104
6.3,0.00180517,0.00181139,0.00180517
6.4,0.00145658,0.00146272,0.00145658
6.5,0.00114482,0.00115079,0.00114482
6.6,0.000868857,0.000874574,0.000868855
6.7,0.000627192,0.000632601,0.000627191
6.8,0.000417983,0.000423043,0.000417982
6.9,0.000239133,0.000243815,0.000239133
7,8.83758e-05,9.26639e-05,8.83756e-05
7.1,-3.66532e-05,-3.27653e-05,-3.66531e-05
7.2,-0.000138355,-0.000134865,-0.000138355
7.3,-0.000219118,-0.000216017,-0.000219117
7.4,-0.000281275,-0.000278549,-0.000281275
7.5,-0.000327075,-0.000324705,-0.000327075
7.6,-0.000358654,-0.000356618,-0.000358653
7.7,-0.000378018,-0.000376293,-0.000378018
7.8,-0.000387032,-0.000385592,-0.000387031
7.9,-0.000387407,-0.000386227,-0.000387406
8,-0.000380703,-0.000379758,-0.000380703
8.1,-0.000368326,-0.000367589,-0.000368325
8.2,-0.000351526,-0.000350973,-0.000351525
8.3,-0.00033141,-0.000331018,-0.000331409
8.4,-0.000308943,-0.00030869,-0.000308942
8.5,-0.000284958,-0.000284823,-0.000284957
8.6,-0.000260164,-0.000260128,-0.000260163
8.7,-0.000235156,-0.000235202,-0.000235155
8.8,-0.000210425,-0.000210538,-0.000210425
8.9,-0.00018637,-0.000186535,-0.000186369
9,-0.000163302,-0.000163507,-0.000163302
9.1,-0.000141461,-0.000141694,-0.00014146
9.2,-0.000121019,-0.000121271,-0.000121018
9.3,-0.000102092,-0.000102356,-0.000102092
9.4,-8.47484e-05,-8.50167e-05,-8.47482e-05
9.5,-6.90151e-05,-6.92823e-05,-6.9015e-05
9.6,-5.48849e-05,-5.51462e-05,-5.48847e-05
9.7,-4.23224e-05,-4.25746e-05,-4.23226e-05
9.8,-3.1273e-05,-3.15114e-05,-3.12718e-05
9.9,-2.16538e-05,-2.11859e-05,-2.16582e-05
10,-1.34118e-05,-1.29527e-05,-1.33953e-05
